-3.947765382139364204e-04 -7.534587610461848319e-13
1.238839047983519137e+01 2.960830747767104892e-02
2.500872109046621716e+01 8.101460443552190027e-02
3.788166614730588577e+01 1.487854556274748052e-01
5.099893801391080927e+01 2.376309687409632887e-01
6.433429644405075010e+01 3.573768376624405496e-01
7.785338323246955383e+01 5.215673451158470142e-01
9.151975077630048361e+01 7.461827616869746160e-01
1.052982096502345826e+02 1.048402414369719260e+00
1.191564861514496272e+02 1.445495905038341133e+00
1.330658869989539426e+02 1.953893332905065838e+00
1.470014205138421630e+02 2.588450984449151004e+00
1.609416481439436666e+02 3.361908542672728650e+00
1.748684255919177986e+02 4.284523953207250990e+00
1.887666213814260914e+02 5.363868110762957109e+00
2.026238575871991543e+02 6.604760467281391101e+00
2.164302921378010751e+02 8.009326843625647285e+00
2.301784476964955957e+02 9.577161347173669625e+00
2.438630843297102331e+02 1.130557504260868740e+01
2.574811093506419297e+02 1.318991482415499661e+01
2.710315162821103172e+02 1.522393683300146172e+01
2.845153448479072154e+02 1.740021982036664028e+01
2.979356546752459280e+02 1.971060512722046454e+01
3.112975065881048522e+02 2.214665145479479591e+01
3.246079467345168723e+02 2.470009431404554334e+01
3.378759901381060899e+02 2.736330190719275990e+01
3.511126014602341456e+02 3.012972111818118748e+01
3.643306716982596640e+02 3.299430915437248046e+01
3.775449901383800579e+02 3.595394805217793532e+01
3.907722110422278661e+02 3.900784057781702785e+01
4.040308141743756210e+02 4.215788683462989184e+01
4.173410572322346184e+02 4.540904089103214858e+01
4.307249162979868515e+02 4.876964562978640316e+01
4.442060072218211531e+02 5.225174126842015454e+01
4.578094757271442177e+02 5.587133775759750876e+01
4.715618358810312429e+02 5.964863206464326595e+01
4.854907233924264460e+02 6.360813559506518544e+01
4.996245083003619811e+02 6.777864992787388587e+01
5.139916739766466662e+02 7.219298155999395306e+01
5.286198020490733143e+02 7.688720041312993203e+01
5.435338767020459727e+02 8.189908466382929930e+01
5.587533720622674309e+02 8.726507198077784722e+01
5.742870581632605536e+02 9.301435343789101751e+01
5.901232491368339197e+02 9.915717497610360454e+01
6.062101795614975117e+02 1.056604566232901448e+02
6.224651241208433703e+02 1.124492832080874365e+02
6.388739516557074012e+02 1.195115715357731716e+02
6.554393119572339401e+02 1.268519344993422777e+02
6.721638398790049678e+02 1.344749544780803774e+02
6.890501556432127472e+02 1.423851841229369768e+02
6.890501556432127472e+02 1.423851841229369768e+02
7.264343502671499664e+02 1.606461512988928462e+02
7.663447942358905038e+02 1.812499662244148055e+02
8.090045788926349815e+02 2.044957840295148515e+02
8.546608510134592507e+02 2.307207221363427720e+02
9.035876755097175419e+02 2.603046485946935604e+02
9.560892515169384751e+02 2.936755712152114484e+02
1.012503525945004753e+03 3.313157025557055135e+02
1.073206254066573592e+03 3.737682851597621720e+02
1.138615562908475567e+03 4.216452719506941094e+02
1.209197080169386481e+03 4.756359684914785362e+02
1.285469699212245814e+03 5.365167570941929398e+02
1.368012059479340451e+03 6.051620376820850424e+02
1.457469831572662088e+03 6.825565370776554346e+02
1.554563907368229366e+03 7.698091572401173153e+02
1.660099608043218950e+03 8.681685541628269220e+02
1.774977036961011208e+03 9.790406629548997444e+02
1.900202720174539081e+03 1.104008411396428528e+03
2.036902695089838289e+03 1.244853894338464215e+03
2.186337227823149988e+03 1.403583315127719970e+03
2.349917362260644495e+03 1.582455038232697916e+03
2.529223529097634582e+03 1.784011139950594497e+03
2.726026471540430975e+03 2.011112892064802963e+03
2.942310776287601584e+03 2.266980667255095796e+03
3.180301334305573164e+03 2.555238815670857093e+03
3.442493096267601231e+03 2.879966130187710405e+03
3.731684532886949455e+03 3.245752594406365006e+03
4.051015261365211700e+03 3.657763193461407354e+03
4.404008356492004168e+03 4.121809664357205293e+03
4.794617929355982596e+03 4.644431171152676143e+03
5.227282629039455969e+03 5.232985012353904494e+03
5.706985804058656868e+03 5.895748605001725991e+03
6.239323151790074007e+03 6.642034144026089052e+03
6.830578786938754092e+03 7.482317508572508814e+03
7.487810775659865612e+03 8.428383181542567399e+03
8.218947311816178626e+03 9.493487167171591864e+03
9.032894857812683767e+03 1.069254013706238402e+04
9.939659736484243695e+03 1.204231331103798948e+04
1.095048484485977133e+04 1.356166988921765187e+04
1.207800336779710415e+04 1.527182520006427876e+04
1.333641160229940033e+04 1.719663912052988962e+04
1.474166326495668363e+04 1.936294476414659221e+04
1.631168794896665349e+04 2.180091792694018295e+04
1.806663672757870154e+04 2.454449233608797658e+04
2.002915827207113034e+04 2.763182636982205440e+04
2.222470926956256517e+04 3.110582761766019757e+04
2.468190339475103610e+04 3.501474243711964664e+04
2.743290361644111181e+04 3.941281854731229396e+04
3.051386321162364038e+04 4.436104969321297540e+04
3.396542152495829941e+04 4.992801253040613665e+04
3.783326125881550979e+04 5.619080713386839489e+04
4.216873491871462465e+04 6.323611394282919355e+04
4.702956898245487537e+04 7.116138153604585386e+04
5.248065542129076493e+04 8.007616140937419550e+04
5.859494139254563925e+04 9.010360792438108183e+04
6.545442926125903614e+04 1.013821638399849762e+05
7.315130061199021293e+04 1.140674543590875110e+05
8.178917960115299502e+04 1.283344154530162195e+05
9.148455289816834556e+04 1.443796854066386586e+05
1.023683655960302276e+05 1.624242920993040607e+05
1.145878148675147968e+05 1.827166725496524887e+05
1.283083658347260061e+05 2.055360657601456041e+05
1.437160171434454678e+05 2.311963249608904880e+05
1.610198471308486478e+05 2.600502010404964385e+05
1.804548752916257654e+05 2.924941553412955254e+05
2.022852780351245310e+05 3.289737671736850170e+05
2.268080025429230882e+05 3.699898094667612459e+05
2.543568279475539457e+05 4.161050750288385898e+05
2.853069291321953060e+05 4.679520460644038394e+05
3.200800052804582519e+05 5.262415110211408464e+05
3.591500429773749784e+05 5.917722456763782538e+05
4.030497922813076875e+05 6.654418897903201869e+05
4.523780438684262335e+05 7.482591668485981645e+05
5.078078062278047437e+05 8.413576126080629183e+05
5.700954941032879287e+05 9.460109985932691488e+05
6.400912531035519205e+05 1.063650659643030027e+06
7.187505608199601993e+05 1.195884960386966122e+06
8.071472621117194649e+05 1.344521164489835966e+06
9.064882156737428159e+05 1.511590003027663566e+06
1.018129750857983367e+06 1.699373274894347414e+06
1.143596158269453561e+06 1.910434853173954412e+06
1.284600465235992335e+06 2.147655517507039011e+06
1.443067778229068033e+06 2.414272084252019413e+06
1.621161509110813728e+06 2.713921364394273143e+06
1.821312841170579661e+06 3.050689544472252484e+06
2.046253834821502445e+06 3.429167659153900109e+06
2.299054622147636022e+06 3.854513906499094795e+06
2.583165194892187603e+06 4.332523649498534389e+06
2.902462352706553880e+06 4.869708051436099224e+06
3.261302448379459325e+06 5.473382409385147505e+06
3.664580645281224046e+06 6.151765381296762265e+06
4.117797490450763609e+06 6.914090449440659024e+06
4.627133705815668218e+06 7.770731128407645971e+06
5.199534211306914687e+06 8.733341611710352823e+06
5.842802518614443019e+06 9.815014759736696258e+06
6.565706774716538377e+06 1.103045956623662263e+07
7.378098892003021203e+06 1.239620050382350199e+07
8.291048378930311650e+06 1.393080144470294751e+07
9.316992684089597315e+06 1.565511718499694020e+07
1.046990609002551809e+07 1.759257597409602627e+07
1.176548944413270801e+07 1.976949686948411912e+07
1.322138329587136768e+07 2.221544620809789374e+07
1.485740732619073987e+07 2.496363801385758072e+07
1.669582931070986390e+07 2.805138375468160585e+07
1.876166725768152252e+07 3.152059752907963842e+07
2.108302881045671925e+07 3.541836351131999493e+07
2.369149250813423470e+07 3.979757332529204339e+07
2.662253606412976980e+07 4.471764196188963205e+07
2.991601745817984268e+07 5.024531191578421742e+07
3.361671535139385611e+07 5.645555640915393829e+07
3.777493613602880388e+07 6.343259390838521719e+07
4.244719583251699060e+07 7.127102764301763475e+07
4.769698605810054392e+07 8.007712552457804978e+07
5.359563442787115276e+07 8.997025775920718908e+07
6.022327102544035763e+07 1.010845115777448565e+08
6.766991401410196722e+07 1.135705048989367336e+08
7.603668906955955923e+07 1.275974234279537201e+08
8.543719912381842732e+07 1.433553087097305059e+08
9.599906294110801816e+07 1.610576280454584658e+08
1.078656433281296045e+08 1.809441609866535962e+08
1.211979883433244526e+08 2.032842413959224224e+08
1.361770117478250861e+08 2.283803988645710051e+08
1.530059421731409132e+08 2.565724486693309844e+08
1.719130741110907793e+08 2.882420855064981580e+08
1.931548579090162218e+08 3.238180430433874726e+08
2.170193705329861939e+08 3.637818889660645127e+08
2.438302140053075552e+08 4.086745337818225622e+08
2.739508941996547580e+08 4.591035412706710100e+08
3.077897391655234098e+08 5.157513393022305965e+08
3.458054234410364628e+08 5.793844418888822794e+08
3.885131729978230596e+08 6.508638069968401194e+08
4.364917346541556120e+08 7.311564699682470560e+08
4.903912041169247627e+08 8.213486096262370348e+08
5.509418184086507559e+08 9.226602234736047983e+08
6.189638314591294527e+08 1.036461610115146399e+09
6.953786062682375908e+08 1.164291881427034140e+09
7.812210734743418694e+08 1.307879754392827034e+09
8.776537246132913828e+08 1.469166903294630766e+09
9.859823290753453970e+08 1.650334187504660606e+09
1.107673587040986061e+09 1.853831108933271885e+09
1.244374956815741539e+09 2.082408896778094530e+09
1.397936924341581821e+09 2.339157666173370838e+09
1.570438015634235144e+09 2.627548152319465160e+09
1.764212889927082777e+09 2.951478583421616554e+09
1.981883892892705202e+09 3.315327325117486477e+09
2.226396496023942947e+09 3.724012006960489750e+09
2.501059100717987537e+09 4.183055929001501560e+09
2.809587744527289391e+09 4.698662644754919052e+09
3.156156313215219498e+09 5.277799727172322273e+09
3.545452936575306416e+09 5.928292848166543007e+09
3.982743329443335533e+09 6.658931441402089119e+09
4.473941933078322411e+09 7.479587374373768806e+09
5.025691817375675201e+09 8.401348231340766907e+09
5.645454422625250816e+09 9.436667005838447571e+09
6.341610352333303452e+09 1.059953022291350365e+10
7.123572577783168793e+09 1.190564675990786934e+10
8.001913582526833534e+09 1.337265991390680313e+10
8.988508163139408112e+09 1.502038557763630104e+10
1.009669381386833572e+10 1.687107973787421227e+10
1.134145086012144661e+10 1.894973890608253479e+10
1.273960477226283073e+10 2.128443753531122208e+10
1.431005339052091789e+10 2.390670697646216965e+10
1.607402212799618721e+10 2.685196108746711349e+10
1.805535059632273483e+10 3.015997423838644409e+10
2.028081452258470917e+10 3.387541816236951447e+10
2.278048730233232880e+10 3.804846489636580658e+10
2.558814606841273117e+10 4.273546394715313721e+10
2.874172775604117966e+10 4.799970281968110657e+10
3.228384131919506073e+10 5.391226116942546844e+10
3.626234301111658478e+10 6.055297010358370972e+10
4.073098249268453979e+10 6.801148957455517578e+10
4.575012848814004517e+10 7.638851840237167358e+10
5.138758378102104950e+10 8.579715325208273315e+10
5.771950054865498352e+10 9.636441490166893005e+10
6.483140838744297028e+10 1.082329623929925995e+11
7.281936890170532227e+10 1.215630181930151978e+11
8.179127243656507874e+10 1.365345303392384186e+11
9.186829445325413513e+10 1.533496007404245300e+11
1.031865311992153168e+11 1.722352123942869568e+11
1.158988367445016174e+11 1.934462923164265747e+11
1.301768861728712921e+11 2.172691515037188110e+11
1.462134927673027954e+11 2.440253483417406006e+11
1.642252104565626831e+11 2.740760275782719116e+11
1.844552566381929321e+11 3.078267934004361572e+11
2.071767948157498474e+11 3.457331823582807007e+11
2.326966213426416016e+11 3.883068099696201172e+11
2.613593060169688416e+11 4.361222739290468140e+11
2.935518423949105225e+11 4.898249070506566772e+11
3.297088705670061646e+11 5.501394845369382324e+11
3.703185428649909058e+11 6.178800030401342773e+11
4.159291116407209473e+11 6.939606634407115479e+11
4.671563280003137817e+11 7.794082055055581055e+11
5.246917513172342529e+11 8.753757608250621338e+11
5.893120816353305664e+11 9.831584109094371338e+11
6.618896408724753418e+11 1.104210660326660645e+12
7.434041442336816406e+11 1.240166060597645264e+12
8.349559206483592529e+11 1.392859249577000488e+12
9.377807605946218262e+11 1.564350703631572754e+12
1.053266591627838989e+12 1.756954536523139160e+12
1.182972206587212158e+12 1.973269719999961670e+12
